0.000000000000000000e+00 3.920783505777931666e+00
1.010101010101010083e-01 3.206953799859403542e+00
2.020202020202020166e-01 1.750308248435696434e+00
3.030303030303030387e-01 4.350575146395170734e+00
4.040404040404040331e-01 2.744277623880698735e-01
5.050505050505050830e-01 4.542194361876155106e+00
6.060606060606060774e-01 9.899679826314559117e-01
7.070707070707070718e-01 4.859992472064021740e+00
8.080808080808080662e-01 3.550140069376392482e+00
9.090909090909090606e-01 1.795923959860069807e+00
1.010101010101010166e+00 2.440674659175626537e+00
1.111111111111111160e+00 1.443946658228179025e+00
1.212121212121212155e+00 4.869190551829584379e+00
1.313131313131313149e+00 4.219598648319089484e+00
1.414141414141414144e+00 4.128793255366236536e+00
1.515151515151515138e+00 4.115744535998303810e+00
1.616161616161616132e+00 5.601255395414979077e+00
1.717171717171717127e+00 4.762260665163990936e+00
1.818181818181818121e+00 5.774772847013753818e+00
1.919191919191919116e+00 7.586053558297375154e+00
2.020202020202020332e+00 6.079510553379933846e+00
2.121212121212121104e+00 7.695500924121287056e+00
2.222222222222222321e+00 7.233428516828949384e+00
2.323232323232323093e+00 6.956091894316191571e+00
2.424242424242424310e+00 5.406322354580398226e+00
2.525252525252525082e+00 6.278186490852622370e+00
2.626262626262626299e+00 7.373049900337749207e+00
2.727272727272727071e+00 8.078597616645996737e+00
2.828282828282828287e+00 6.444562990879697750e+00
2.929292929292929060e+00 5.752792202687435186e+00
3.030303030303030276e+00 7.557200742832298701e+00
3.131313131313131048e+00 9.339364777867134038e+00
3.232323232323232265e+00 8.300121130465996089e+00
3.333333333333333481e+00 9.899087120528758277e+00
3.434343434343434254e+00 9.950360718052664311e+00
3.535353535353535470e+00 7.705971856297964884e+00
3.636363636363636243e+00 1.049816985950690196e+01
3.737373737373737459e+00 9.675526560610965277e+00
3.838383838383838231e+00 7.988360264558267865e+00
3.939393939393939448e+00 1.037578195855602381e+01
4.040404040404040664e+00 9.545783007411017707e+00
4.141414141414140992e+00 1.115250308262043077e+01
4.242424242424242209e+00 7.948864267183504140e+00
4.343434343434343425e+00 1.219344360010554951e+01
4.444444444444444642e+00 1.158601736317122288e+01
4.545454545454544970e+00 8.108108993007871135e+00
4.646464646464646187e+00 9.817238422854700275e+00
4.747474747474747403e+00 8.626101553030988356e+00
4.848484848484848619e+00 1.076070012876765780e+01
4.949494949494949836e+00 1.250503193790247991e+01
5.050505050505050164e+00 9.617510108073775044e+00
5.151515151515151381e+00 1.301516823041968784e+01
5.252525252525252597e+00 9.804482934981153974e+00
5.353535353535353813e+00 1.276453850529916245e+01
5.454545454545454142e+00 1.389902916459379156e+01
5.555555555555555358e+00 1.494616343935859426e+01
5.656565656565656575e+00 1.171773424382960904e+01
5.757575757575757791e+00 1.545902522258358402e+01
5.858585858585858119e+00 1.372906654418697592e+01
5.959595959595959336e+00 1.260292789227594490e+01
6.060606060606060552e+00 1.563001411476693825e+01
6.161616161616161769e+00 1.585709869142504402e+01
6.262626262626262097e+00 1.492923443854001775e+01
6.363636363636363313e+00 1.523388494991610997e+01
6.464646464646464530e+00 1.226435965826009244e+01
6.565656565656565746e+00 1.455451142826236399e+01
6.666666666666666963e+00 1.310404474054782220e+01
6.767676767676767291e+00 1.557541630450788972e+01
6.868686868686868507e+00 1.455910555329852940e+01
6.969696969696969724e+00 1.470358583545979059e+01
7.070707070707070940e+00 1.349676870422288388e+01
7.171717171717171269e+00 1.656127846174118901e+01
7.272727272727272485e+00 1.693583072490809727e+01
7.373737373737373701e+00 1.588198355224984581e+01
7.474747474747474918e+00 1.672894628483110324e+01
7.575757575757575246e+00 1.879068563902442079e+01
7.676767676767676463e+00 1.794265091483768870e+01
7.777777777777777679e+00 1.708470288906099199e+01
7.878787878787878896e+00 1.718293680155724346e+01
7.979797979797979224e+00 1.835084323597029865e+01
8.080808080808081328e+00 1.910997532101687568e+01
8.181818181818181657e+00 1.750441684656925645e+01
8.282828282828281985e+00 1.794730965225519981e+01
8.383838383838384090e+00 2.051202463357189387e+01
8.484848484848484418e+00 1.658859419912596422e+01
8.585858585858586522e+00 1.681277346860687416e+01
8.686868686868686851e+00 1.803284574300534970e+01
8.787878787878787179e+00 1.939373787727168263e+01
8.888888888888889284e+00 1.862276397209650725e+01
8.989898989898989612e+00 2.132771369958591734e+01
9.090909090909089940e+00 1.832472650244483248e+01
9.191919191919192045e+00 1.927476737108277050e+01
9.292929292929292373e+00 1.941906145638622760e+01
9.393939393939394478e+00 2.219441017977514363e+01
9.494949494949494806e+00 2.257397508681192022e+01
9.595959595959595134e+00 2.262596661243863849e+01
9.696969696969697239e+00 1.923281403684716651e+01
9.797979797979797567e+00 2.181117472371813193e+01
9.898989898989899672e+00 2.142070445354719865e+01
1.000000000000000000e+01 2.187697295016610610e+01
