0.000000000000000000e+00 9.170973510572824949e+00
1.000000000000000000e+00 7.674043023505873862e+00
2.000000000000000000e+00 1.062707139099647335e+01
3.000000000000000000e+00 3.945719557183888337e+00
4.000000000000000000e+00 7.924030127847446536e+00
5.000000000000000000e+00 5.796977652295312922e+00
6.000000000000000000e+00 1.533082762440904823e+01
7.000000000000000000e+00 7.682921979209463181e+00
8.000000000000000000e+00 1.221524265447322932e+01
9.000000000000000000e+00 9.759498675942356982e+00
1.000000000000000000e+01 1.148659834575587446e+01
1.100000000000000000e+01 1.895775100240373945e+01
1.200000000000000000e+01 2.193479722252042308e+01
1.300000000000000000e+01 1.574275148225740395e+01
1.400000000000000000e+01 1.752529077367163524e+01
1.500000000000000000e+01 5.892501291629163518e+01
1.600000000000000000e+01 5.192082640749871558e+01
1.700000000000000000e+01 6.079494702401557049e+01
1.800000000000000000e+01 5.737363464156853610e+01
1.900000000000000000e+01 6.143083765795959295e+01
2.000000000000000000e+01 5.982611578635710714e+01
2.100000000000000000e+01 6.271442455918678149e+01
2.200000000000000000e+01 6.483687614391396892e+01
2.300000000000000000e+01 6.479986372857459287e+01
2.400000000000000000e+01 6.447867708703478229e+01
2.500000000000000000e+01 6.071149294608062519e+01
2.600000000000000000e+01 7.036416640386033805e+01
2.700000000000000000e+01 6.553812565888088670e+01
2.800000000000000000e+01 7.212615766732032796e+01
2.900000000000000000e+01 7.168549280547910030e+01
3.000000000000000000e+01 3.731635268834411789e+01
3.100000000000000000e+01 3.712093133299073600e+01
3.200000000000000000e+01 3.913626126755129775e+01
3.300000000000000000e+01 3.884383468029071906e+01
3.400000000000000000e+01 3.885310731364402415e+01
3.500000000000000000e+01 4.283101130488687147e+01
3.600000000000000000e+01 4.163066606412338899e+01
3.700000000000000000e+01 3.962113865649624245e+01
3.800000000000000000e+01 3.845547873770091485e+01
3.900000000000000000e+01 4.164328020575695177e+01
4.000000000000000000e+01 4.960112853726485582e+01
4.100000000000000000e+01 4.159932703909126417e+01
4.200000000000000000e+01 4.945278469243468322e+01
4.300000000000000000e+01 5.251316888609883904e+01
4.400000000000000000e+01 4.514362876072899411e+01
4.500000000000000000e+01 4.575473339237562698e+01
4.600000000000000000e+01 5.565069478989418883e+01
4.700000000000000000e+01 5.109416827149090068e+01
4.800000000000000000e+01 5.752718981835484868e+01
4.900000000000000000e+01 5.316283564231657977e+01
5.000000000000000000e+01 5.897184786349728114e+01
5.100000000000000000e+01 5.539863622125346865e+01
5.200000000000000000e+01 5.494009003409417602e+01
5.300000000000000000e+01 6.290031522612459014e+01
5.400000000000000000e+01 5.750318642279253822e+01
5.500000000000000000e+01 6.349652669799271365e+01
5.600000000000000000e+01 5.815348044784379766e+01
5.700000000000000000e+01 5.973694793126681191e+01
5.800000000000000000e+01 5.815684831406517930e+01
5.900000000000000000e+01 6.240841987395344148e+01
6.000000000000000000e+01 6.215300325764309264e+01
6.100000000000000000e+01 6.789063368047807501e+01
6.200000000000000000e+01 6.420518166781046432e+01
6.300000000000000000e+01 7.093627307197145626e+01
6.400000000000000000e+01 6.750063483264592890e+01
6.500000000000000000e+01 6.941574315491828884e+01
6.600000000000000000e+01 7.178214750196424632e+01
6.700000000000000000e+01 7.185998506226260929e+01
6.800000000000000000e+01 7.652015522045502394e+01
6.900000000000000000e+01 7.105338641280840761e+01
7.000000000000000000e+01 7.714239621514096257e+01
7.100000000000000000e+01 7.989963876405943211e+01
7.200000000000000000e+01 7.391383920246909156e+01
7.300000000000000000e+01 7.685384319637471151e+01
7.400000000000000000e+01 7.831803983525605872e+01
7.500000000000000000e+01 8.490600792349275139e+01
7.600000000000000000e+01 8.154665672145769406e+01
7.700000000000000000e+01 8.532779669717558590e+01
7.800000000000000000e+01 8.019597475971139033e+01
7.900000000000000000e+01 8.279596099728340164e+01
8.000000000000000000e+01 8.005712009793978723e+01
8.100000000000000000e+01 9.022161822592032365e+01
8.200000000000000000e+01 9.082935163364008702e+01
8.300000000000000000e+01 9.231005305129973237e+01
8.400000000000000000e+01 8.425482329895588407e+01
8.500000000000000000e+01 9.189490634789490286e+01
8.600000000000000000e+01 9.247915276825962394e+01
8.700000000000000000e+01 9.066623805321935947e+01
8.800000000000000000e+01 9.517302210608482937e+01
8.900000000000000000e+01 9.627193558175756039e+01
9.000000000000000000e+01 9.738878546604669850e+01
9.100000000000000000e+01 9.565593241422281778e+01
9.200000000000000000e+01 9.375027587491449310e+01
9.300000000000000000e+01 9.811021556581592051e+01
9.400000000000000000e+01 1.019870751113139562e+02
9.500000000000000000e+01 1.036706848259338472e+02
9.600000000000000000e+01 9.857667862123778946e+01
9.700000000000000000e+01 9.998220768662487501e+01
9.800000000000000000e+01 1.004403049976537261e+02
9.900000000000000000e+01 1.074388643674040793e+02
