0.000000000000000000e+00 -1.130794947903419168e+00
1.010101010101010083e-01 -1.718793774160819243e+00
2.020202020202020166e-01 -1.191080623649364068e+00
3.030303030303030387e-01 -1.539038453070153745e+00
4.040404040404040331e-01 -1.160432911669303735e+00
5.050505050505050830e-01 -9.867659527250505214e-01
6.060606060606060774e-01 -1.215470967495753118e+00
7.070707070707070718e-01 -7.936475093981143480e-01
8.080808080808080662e-01 -2.558352945897444108e-01
9.090909090909090606e-01 -9.602361267885894947e-01
1.010101010101010166e+00 -7.668210440916500836e-01
1.111111111111111160e+00 -8.186876463749914734e-01
1.212121212121212155e+00 -8.783774854141768174e-02
1.313131313131313149e+00 1.545476383117758701e-01
1.414141414141414144e+00 -4.731354626550996478e-01
1.515151515151515138e+00 -1.168135310360776113e-01
1.616161616161616132e+00 1.083491863876413497e-01
1.717171717171717127e+00 -1.323307213912316982e-01
1.818181818181818121e+00 7.199727354664631207e-02
1.919191919191919116e+00 3.968503650669399363e-01
2.020202020202020332e+00 3.540097447814236631e-01
2.121212121212121104e+00 6.931777163086652038e-01
2.222222222222222321e+00 4.258700522362541818e-01
2.323232323232323093e+00 5.073966987370379655e-01
2.424242424242424310e+00 4.247062752466947977e-01
2.525252525252525082e+00 7.104765794648155719e-01
2.626262626262626299e+00 8.618495315717922267e-01
2.727272727272727071e+00 1.686682894416128065e+00
2.828282828282828287e+00 1.521246778250475273e+00
2.929292929292929060e+00 1.494806891126707615e+00
3.030303030303030276e+00 1.541872482138105127e+00
3.131313131313131048e+00 1.746051218597455268e+00
3.232323232323232265e+00 1.471748787815696957e+00
3.333333333333333481e+00 1.888745805200096051e+00
3.434343434343434254e+00 1.535892868186210514e+00
3.535353535353535470e+00 1.693022123831253278e+00
3.636363636363636243e+00 2.122446881049821599e+00
3.737373737373737459e+00 2.391903206499637946e+00
3.838383838383838231e+00 2.645314062978123104e+00
3.939393939393939448e+00 2.520332739638585728e+00
4.040404040404040664e+00 2.829750096546925775e+00
4.141414141414140992e+00 2.584228171427868759e+00
4.242424242424242209e+00 3.183396290068500889e+00
4.343434343434343425e+00 2.968414639360138274e+00
4.444444444444444642e+00 3.303224496061134552e+00
4.545454545454544970e+00 2.747202781214453715e+00
4.646464646464646187e+00 3.623336951043971688e+00
4.747474747474747403e+00 2.932686844705116869e+00
4.848484848484848619e+00 3.499297787770073498e+00
4.949494949494949836e+00 3.555865894465546795e+00
5.050505050505050164e+00 3.202840527652718094e+00
5.151515151515151381e+00 3.380218249551584009e+00
5.252525252525252597e+00 3.816851568555987839e+00
5.353535353535353813e+00 3.861658622433170152e+00
5.454545454545454142e+00 3.658473651152382544e+00
5.555555555555555358e+00 3.761659897059122848e+00
5.656565656565656575e+00 3.860306495274861582e+00
5.757575757575757791e+00 4.621340717778625873e+00
5.858585858585858119e+00 4.322859544260166054e+00
5.959595959595959336e+00 4.937419596574606828e+00
6.060606060606060552e+00 4.421866649221384726e+00
6.161616161616161769e+00 4.457392922953467895e+00
6.262626262626262097e+00 5.186343244836530531e+00
6.363636363636363313e+00 5.149359813289636989e+00
6.464646464646464530e+00 4.854142058937268800e+00
6.565656565656565746e+00 4.946315672662072060e+00
6.666666666666666963e+00 4.782987024836286238e+00
6.767676767676767291e+00 5.131864141489709041e+00
6.868686868686868507e+00 5.724757158434074178e+00
6.969696969696969724e+00 5.602825924223131082e+00
7.070707070707070940e+00 5.772413814284529820e+00
7.171717171717171269e+00 5.250034245171018021e+00
7.272727272727272485e+00 5.284240391602352815e+00
7.373737373737373701e+00 6.076107980271462594e+00
7.474747474747474918e+00 6.325180641371568768e+00
7.575757575757575246e+00 5.811959159392127816e+00
7.676767676767676463e+00 6.082425207530331335e+00
7.777777777777777679e+00 6.278259293855462886e+00
7.878787878787878896e+00 6.653877231084472044e+00
7.979797979797979224e+00 6.123594638862895678e+00
8.080808080808081328e+00 7.013523849565801882e+00
8.181818181818181657e+00 7.080756854401835554e+00
8.282828282828281985e+00 6.853672763395589840e+00
8.383838383838384090e+00 6.691814325904584138e+00
8.484848484848484418e+00 7.174484767681361674e+00
8.585858585858586522e+00 7.344255507252563930e+00
8.686868686868686851e+00 7.200930208178824898e+00
8.787878787878787179e+00 7.766059774684332950e+00
8.888888888888889284e+00 7.813769950642241113e+00
8.989898989898989612e+00 7.216753486759152736e+00
9.090909090909089940e+00 7.395944328455229311e+00
9.191919191919192045e+00 7.223905311119434458e+00
9.292929292929292373e+00 8.016078889381475392e+00
9.393939393939394478e+00 7.413959004253991125e+00
9.494949494949494806e+00 8.201761392013850127e+00
9.595959595959595134e+00 7.934616247270209755e+00
9.696969696969697239e+00 7.994271124561489472e+00
9.797979797979797567e+00 8.189206236512509562e+00
9.898989898989899672e+00 8.697057002223948174e+00
1.000000000000000000e+01 8.985628802686251859e+00
