0.000000000000000000e+00 -1.419102821768351452e+00
1.010101010101010083e-01 -1.429004625009100415e+00
2.020202020202020166e-01 -7.080190555728679280e-01
3.030303030303030387e-01 -1.003555614578143018e+00
4.040404040404040331e-01 -5.114316982533553269e-01
5.050505050505050830e-01 2.155606350501626522e-02
6.060606060606060774e-01 3.830662781423299634e-04
7.070707070707070718e-01 6.135506005119371054e-01
8.080808080808080662e-01 4.832541526052374081e-01
9.090909090909090606e-01 1.058183098143373080e+00
1.010101010101010166e+00 1.203644704365442797e+00
1.111111111111111160e+00 1.969615969682213752e+00
1.212121212121212155e+00 1.922427903839789787e+00
1.313131313131313149e+00 2.283291463371467156e+00
1.414141414141414144e+00 3.086514723754964606e+00
1.515151515151515138e+00 3.037116649344059560e+00
1.616161616161616132e+00 3.573286305258956741e+00
1.717171717171717127e+00 3.832045965422169242e+00
1.818181818181818121e+00 4.014264697284262162e+00
1.919191919191919116e+00 4.328674394666686354e+00
2.020202020202020332e+00 4.855654265161154726e+00
2.121212121212121104e+00 5.360355102700144592e+00
2.222222222222222321e+00 5.638694498937518951e+00
2.323232323232323093e+00 5.955013165450230517e+00
2.424242424242424310e+00 5.812464130636293191e+00
2.525252525252525082e+00 6.234074139650511270e+00
2.626262626262626299e+00 6.122526381371153903e+00
2.727272727272727071e+00 7.039215980762145719e+00
2.828282828282828287e+00 6.914847097065102588e+00
2.929292929292929060e+00 7.320990826817570074e+00
3.030303030303030276e+00 7.389713390723414932e+00
3.131313131313131048e+00 8.204179696481766371e+00
3.232323232323232265e+00 8.166302114325500128e+00
3.333333333333333481e+00 8.503961531412173258e+00
3.434343434343434254e+00 8.671831035770310336e+00
3.535353535353535470e+00 8.900067089212393867e+00
3.636363636363636243e+00 9.406254514432193403e+00
3.737373737373737459e+00 9.887666220187629307e+00
3.838383838383838231e+00 1.024727632543101841e+01
3.939393939393939448e+00 1.080915658881158059e+01
4.040404040404040664e+00 1.032109072676306027e+01
4.141414141414140992e+00 1.141348184356814421e+01
4.242424242424242209e+00 1.084005634232121196e+01
4.343434343434343425e+00 1.111112828468912994e+01
4.444444444444444642e+00 1.176771726522514960e+01
4.545454545454544970e+00 1.180481455792117274e+01
4.646464646464646187e+00 1.279047799442427547e+01
4.747474747474747403e+00 1.322517849531228862e+01
4.848484848484848619e+00 1.255947534760188411e+01
4.949494949494949836e+00 1.374852156750218768e+01
5.050505050505050164e+00 1.373675865820236908e+01
5.151515151515151381e+00 1.374271253998023035e+01
5.252525252525252597e+00 1.444230049862448517e+01
5.353535353535353813e+00 1.476397306444275159e+01
5.454545454545454142e+00 1.508180723565032011e+01
5.555555555555555358e+00 1.475854700136095587e+01
5.656565656565656575e+00 1.526654005749748144e+01
5.757575757575757791e+00 1.528226154196642561e+01
5.858585858585858119e+00 1.574746764577403368e+01
5.959595959595959336e+00 1.638350234045200082e+01
6.060606060606060552e+00 1.699824674972450822e+01
6.161616161616161769e+00 1.665527103559384869e+01
6.262626262626262097e+00 1.712896440255007136e+01
6.363636363636363313e+00 1.775320035296934407e+01
6.464646464646464530e+00 1.832646412419241599e+01
6.565656565656565746e+00 1.808805626758015350e+01
6.666666666666666963e+00 1.886467893910662497e+01
6.767676767676767291e+00 1.882646265950945264e+01
6.868686868686868507e+00 1.945226111143893988e+01
6.969696969696969724e+00 1.911815174428481967e+01
7.070707070707070940e+00 1.945774357456182457e+01
7.171717171717171269e+00 1.956461815130865745e+01
7.272727272727272485e+00 2.080682228815946644e+01
7.373737373737373701e+00 2.093717649958690075e+01
7.474747474747474918e+00 2.043678650401764330e+01
7.575757575757575246e+00 2.143482357988638753e+01
7.676767676767676463e+00 2.201788060909636968e+01
7.777777777777777679e+00 2.161582849894962877e+01
7.878787878787878896e+00 2.209622885549440241e+01
7.979797979797979224e+00 2.280291944596856979e+01
8.080808080808081328e+00 2.317157105268206152e+01
8.181818181818181657e+00 2.343861318013426498e+01
8.282828282828281985e+00 2.379282461389444592e+01
8.383838383838384090e+00 2.362566215978635853e+01
8.484848484848484418e+00 2.392672161045444668e+01
8.585858585858586522e+00 2.440509444010887918e+01
8.686868686868686851e+00 2.492082204403745394e+01
8.787878787878787179e+00 2.516027680919400922e+01
8.888888888888889284e+00 2.509146611417055794e+01
8.989898989898989612e+00 2.505414840677688204e+01
9.090909090909089940e+00 2.555551038970293121e+01
9.191919191919192045e+00 2.652203343588266904e+01
9.292929292929292373e+00 2.631255621188179461e+01
9.393939393939394478e+00 2.704987838210632134e+01
9.494949494949494806e+00 2.718771077619503274e+01
9.595959595959595134e+00 2.705900709883267297e+01
9.696969696969697239e+00 2.787224083020834087e+01
9.797979797979797567e+00 2.818329927590842843e+01
9.898989898989899672e+00 2.781913457440141002e+01
1.000000000000000000e+01 2.844839834759576291e+01
