0.000000000000000000e+00 2.406878733129196313e+00
1.010101010101010083e-01 4.904312546987695143e+00
2.020202020202020166e-01 2.358690954045100874e+00
3.030303030303030387e-01 2.144820517918061054e+00
4.040404040404040331e-01 3.708218406040096671e+00
5.050505050505050830e-01 4.945264488269162761e+00
6.060606060606060774e-01 2.464827898733728873e+00
7.070707070707070718e-01 5.111263219501349653e+00
8.080808080808080662e-01 6.276206924932125730e+00
9.090909090909090606e-01 5.043508794275087581e+00
1.010101010101010166e+00 2.649903115315133117e+00
1.111111111111111160e+00 4.722335173101081196e+00
1.212121212121212155e+00 2.804917321328079360e+00
1.313131313131313149e+00 5.122756159372825024e+00
1.414141414141414144e+00 3.092700488243118162e+00
1.515151515151515138e+00 3.153463790570758984e+00
1.616161616161616132e+00 6.542690332314842649e+00
1.717171717171717127e+00 3.739298312503509969e+00
1.818181818181818121e+00 8.059178547605281295e+00
1.919191919191919116e+00 7.334182991323354273e+00
2.020202020202020332e+00 7.707176569726960302e+00
2.121212121212121104e+00 7.209334046392505080e+00
2.222222222222222321e+00 4.920070610660221000e+00
2.323232323232323093e+00 5.373041925317568079e+00
2.424242424242424310e+00 8.256606605416525468e+00
2.525252525252525082e+00 5.416252011154062629e+00
2.626262626262626299e+00 6.209284006961780733e+00
2.727272727272727071e+00 9.075592378804721250e+00
2.828282828282828287e+00 9.123673674946250145e+00
2.929292929292929060e+00 7.034864923798421543e+00
3.030303030303030276e+00 1.025143308249053931e+01
3.131313131313131048e+00 1.012058131106679149e+01
3.232323232323232265e+00 9.187741371168847593e+00
3.333333333333333481e+00 7.701941042694990358e+00
3.434343434343434254e+00 1.161045998264796353e+01
3.535353535353535470e+00 1.195433272282384785e+01
3.636363636363636243e+00 7.317661230136956796e+00
3.737373737373737459e+00 1.002257830602295030e+01
3.838383838383838231e+00 1.198194352385977268e+01
3.939393939393939448e+00 8.382080124162882839e+00
4.040404040404040664e+00 1.054570180234913579e+01
4.141414141414140992e+00 8.576038203303376406e+00
4.242424242424242209e+00 1.138370953675252295e+01
4.343434343434343425e+00 1.063836185243384591e+01
4.444444444444444642e+00 1.102292193503436835e+01
4.545454545454544970e+00 1.067734591211696937e+01
4.646464646464646187e+00 1.420872001116958216e+01
4.747474747474747403e+00 1.430226758043784407e+01
4.848484848484848619e+00 1.184197803581703567e+01
4.949494949494949836e+00 1.000406765013959465e+01
5.050505050505050164e+00 1.120174067585878674e+01
5.151515151515151381e+00 1.201813298809002362e+01
5.252525252525252597e+00 1.411815129395015234e+01
5.353535353535353813e+00 1.469307350376944932e+01
5.454545454545454142e+00 1.566506064986863578e+01
5.555555555555555358e+00 1.534722780568626810e+01
5.656565656565656575e+00 1.295824429472641270e+01
5.757575757575757791e+00 1.163145804168636666e+01
5.858585858585858119e+00 1.636681272369596130e+01
5.959595959595959336e+00 1.594432118810322763e+01
6.060606060606060552e+00 1.336039768581101939e+01
6.161616161616161769e+00 1.340590680111890620e+01
6.262626262626262097e+00 1.514660802683918206e+01
6.363636363636363313e+00 1.336620099794766503e+01
6.464646464646464530e+00 1.682350691356526085e+01
6.565656565656565746e+00 1.710313886378463977e+01
6.666666666666666963e+00 1.794962400198494024e+01
6.767676767676767291e+00 1.728450863117192426e+01
6.868686868686868507e+00 1.530583685122705440e+01
6.969696969696969724e+00 1.540991456363619960e+01
7.070707070707070940e+00 1.727256693176801150e+01
7.171717171717171269e+00 1.777757764324908862e+01
7.272727272727272485e+00 1.892711462155010338e+01
7.373737373737373701e+00 1.758733321492798396e+01
7.474747474747474918e+00 1.587268530561117075e+01
7.575757575757575246e+00 1.813138074763807239e+01
7.676767676767676463e+00 1.732331632943129662e+01
7.777777777777777679e+00 1.840829369002902638e+01
7.878787878787878896e+00 1.955002423097942810e+01
7.979797979797979224e+00 1.707676080333079227e+01
8.080808080808081328e+00 1.869390504283941823e+01
8.181818181818181657e+00 1.642647306999313628e+01
8.282828282828281985e+00 1.856628100206690846e+01
8.383838383838384090e+00 2.059024821293336061e+01
8.484848484848484418e+00 1.719333800259741096e+01
8.585858585858586522e+00 1.736122545266867689e+01
8.686868686868686851e+00 1.893270998408251060e+01
8.787878787878787179e+00 2.228621567797088687e+01
8.888888888888889284e+00 2.240422869415567675e+01
8.989898989898989612e+00 1.993948785788243327e+01
9.090909090909089940e+00 2.302563259970341036e+01
9.191919191919192045e+00 2.218487420133617150e+01
9.292929292929292373e+00 2.082701434122418860e+01
9.393939393939394478e+00 2.301436697730570202e+01
9.494949494949494806e+00 2.041057997193954066e+01
9.595959595959595134e+00 2.015580577345701485e+01
9.696969696969697239e+00 2.240604935750434379e+01
9.797979797979797567e+00 2.399017794940868953e+01
9.898989898989899672e+00 2.108071403729148230e+01
1.000000000000000000e+01 2.165090138689650701e+01
