0.000000000000000000e+00 -7.575382154139280733e-01
1.010101010101010083e-01 2.936519112409698984e-01
2.020202020202020166e-01 -4.088676383232638933e-01
3.030303030303030387e-01 -1.695575877614838856e-01
4.040404040404040331e-01 1.294048643636447782e+00
5.050505050505050830e-01 9.935998842613988913e-01
6.060606060606060774e-01 1.036750642715937420e+00
7.070707070707070718e-01 -1.325115635401773462e-01
8.080808080808080662e-01 1.060846232164747605e+00
9.090909090909090606e-01 3.402548437546499827e-01
1.010101010101010166e+00 1.463622777497745275e+00
1.111111111111111160e+00 8.282064191344820081e-01
1.212121212121212155e+00 1.389838971367117537e+00
1.313131313131313149e+00 2.297753268450391850e+00
1.414141414141414144e+00 1.119797608928511323e+00
1.515151515151515138e+00 2.496722251535205217e+00
1.616161616161616132e+00 1.957370891845288341e+00
1.717171717171717127e+00 8.879945699539464332e-01
1.818181818181818121e+00 2.364979508346535475e+00
1.919191919191919116e+00 2.626117621094159471e+00
2.020202020202020332e+00 2.668632782670847359e+00
2.121212121212121104e+00 2.846372343965680507e+00
2.222222222222222321e+00 1.325351172103505615e+00
2.323232323232323093e+00 2.230632183949821545e+00
2.424242424242424310e+00 1.832820904165002762e+00
2.525252525252525082e+00 3.087233744926344059e+00
2.626262626262626299e+00 1.743792003327262030e+00
2.727272727272727071e+00 2.296852604578150547e+00
2.828282828282828287e+00 2.545422676214331048e+00
2.929292929292929060e+00 3.600602410321886104e+00
3.030303030303030276e+00 2.742600843100357899e+00
3.131313131313131048e+00 2.724350731473205833e+00
3.232323232323232265e+00 3.887140934915577439e+00
3.333333333333333481e+00 4.057482545628192661e+00
3.434343434343434254e+00 4.341671571761104076e+00
3.535353535353535470e+00 3.252740899078779613e+00
3.636363636363636243e+00 3.868547381738201452e+00
3.737373737373737459e+00 4.062523005862956893e+00
3.838383838383838231e+00 4.035801628326999513e+00
3.939393939393939448e+00 2.961827877040195567e+00
4.040404040404040664e+00 4.092828790426343843e+00
4.141414141414140992e+00 4.303066167886421489e+00
4.242424242424242209e+00 4.466398444184432215e+00
4.343434343434343425e+00 4.542173569743548356e+00
4.444444444444444642e+00 4.784964666126648503e+00
4.545454545454544970e+00 4.083419066997890035e+00
4.646464646464646187e+00 4.439588525331810587e+00
4.747474747474747403e+00 5.395476383645876339e+00
4.848484848484848619e+00 4.980300454987763636e+00
4.949494949494949836e+00 4.746971095139339347e+00
5.050505050505050164e+00 4.829509414690068780e+00
5.151515151515151381e+00 5.737078121755123661e+00
5.252525252525252597e+00 6.090269314512053000e+00
5.353535353535353813e+00 4.463383476536238348e+00
5.454545454545454142e+00 5.007651567535327253e+00
5.555555555555555358e+00 4.798670057466688732e+00
5.656565656565656575e+00 5.509312678656338669e+00
5.757575757575757791e+00 5.970047896888702077e+00
5.858585858585858119e+00 6.781363558243016065e+00
5.959595959595959336e+00 5.644203221947003968e+00
6.060606060606060552e+00 6.310556204475250119e+00
6.161616161616161769e+00 5.249302517694397707e+00
6.262626262626262097e+00 5.662878743506575496e+00
6.363636363636363313e+00 6.821169698608589904e+00
6.464646464646464530e+00 6.754420785085074819e+00
6.565656565656565746e+00 6.351865437782302948e+00
6.666666666666666963e+00 6.501308426154359665e+00
6.767676767676767291e+00 6.372576446723676291e+00
6.868686868686868507e+00 7.691108230376432431e+00
6.969696969696969724e+00 7.625937132979707656e+00
7.070707070707070940e+00 7.323730636228113156e+00
7.171717171717171269e+00 8.086974043063561268e+00
7.272727272727272485e+00 8.211973191024258156e+00
7.373737373737373701e+00 7.289640756398496180e+00
7.474747474747474918e+00 8.114302699997100632e+00
7.575757575757575246e+00 6.586745417856822549e+00
7.676767676767676463e+00 7.778048644728304595e+00
7.777777777777777679e+00 7.199954562421375215e+00
7.878787878787878896e+00 7.820847609532201261e+00
7.979797979797979224e+00 7.163152501795874372e+00
8.080808080808081328e+00 7.394726293531341810e+00
8.181818181818181657e+00 7.270755508899711117e+00
8.282828282828281985e+00 8.853585738239523550e+00
8.383838383838384090e+00 8.645020872327796368e+00
8.484848484848484418e+00 9.325696706659556412e+00
8.585858585858586522e+00 9.168309015751598068e+00
8.686868686868686851e+00 9.011776928144216825e+00
8.787878787878787179e+00 9.599926082631492719e+00
8.888888888888889284e+00 9.314027715442694699e+00
8.989898989898989612e+00 8.998137760974248778e+00
9.090909090909089940e+00 9.616811835385799867e+00
9.191919191919192045e+00 9.445287576142570529e+00
9.292929292929292373e+00 9.209305935980943048e+00
9.393939393939394478e+00 1.013843158343103745e+01
9.494949494949494806e+00 9.167210345960153717e+00
9.595959595959595134e+00 1.013033145796198653e+01
9.696969696969697239e+00 1.052819715609948403e+01
9.797979797979797567e+00 1.048230491658855890e+01
9.898989898989899672e+00 9.289394460434953871e+00
1.000000000000000000e+01 1.043286591505699157e+01
