0.000000000000000000e+00 5.332494059688709598e+00
1.000000000000000000e+00 9.638697426085931497e+00
2.000000000000000000e+00 5.380486448113660281e+00
3.000000000000000000e+00 1.065267084565122957e+01
4.000000000000000000e+00 7.019482253264561322e+00
5.000000000000000000e+00 1.276362485028771765e+01
6.000000000000000000e+00 1.673914039310342616e+01
7.000000000000000000e+00 1.481545923546595489e+01
8.000000000000000000e+00 1.486838604476116465e+01
9.000000000000000000e+00 1.228506765274453372e+01
1.000000000000000000e+01 1.720203193020425658e+01
1.100000000000000000e+01 1.867060750875413078e+01
1.200000000000000000e+01 1.803046290290592069e+01
1.300000000000000000e+01 2.207191322420883139e+01
1.400000000000000000e+01 2.169952282081968065e+01
1.500000000000000000e+01 5.245878074386276779e+01
1.600000000000000000e+01 5.993594988523653200e+01
1.700000000000000000e+01 5.864401592442916922e+01
1.800000000000000000e+01 5.655767087713446983e+01
1.900000000000000000e+01 5.735915797679612638e+01
2.000000000000000000e+01 6.067586168080276821e+01
2.100000000000000000e+01 6.541692022029177167e+01
2.200000000000000000e+01 6.692021880361234309e+01
2.300000000000000000e+01 6.341266684518657115e+01
2.400000000000000000e+01 6.984320310534177167e+01
2.500000000000000000e+01 6.516686355990228208e+01
2.600000000000000000e+01 6.749383814570067841e+01
2.700000000000000000e+01 6.750577655600589821e+01
2.800000000000000000e+01 6.988843967434920046e+01
2.900000000000000000e+01 6.761686973167709880e+01
3.000000000000000000e+01 4.034167852377963470e+01
3.100000000000000000e+01 3.486146311718349722e+01
3.200000000000000000e+01 3.451382240532555556e+01
3.300000000000000000e+01 4.253093939929905787e+01
3.400000000000000000e+01 4.528746743662299679e+01
3.500000000000000000e+01 4.541094142511951048e+01
3.600000000000000000e+01 4.308292992477418437e+01
3.700000000000000000e+01 4.720617807967273905e+01
3.800000000000000000e+01 4.449777213551478638e+01
3.900000000000000000e+01 4.237063904585267693e+01
4.000000000000000000e+01 4.343591207024569911e+01
4.100000000000000000e+01 5.187340441446802686e+01
4.200000000000000000e+01 4.708545604345897573e+01
4.300000000000000000e+01 5.311184949225477681e+01
4.400000000000000000e+01 5.277988301220349143e+01
4.500000000000000000e+01 5.427992509689008216e+01
4.600000000000000000e+01 5.201559041978693898e+01
4.700000000000000000e+01 4.926194998823902438e+01
4.800000000000000000e+01 5.771986498459258286e+01
4.900000000000000000e+01 6.046737376832712840e+01
5.000000000000000000e+01 5.260876804076770696e+01
5.100000000000000000e+01 5.568847770903116867e+01
5.200000000000000000e+01 5.617651140675813082e+01
5.300000000000000000e+01 5.900490432102980520e+01
5.400000000000000000e+01 5.969453314172212544e+01
5.500000000000000000e+01 6.478165580748290608e+01
5.600000000000000000e+01 6.207559138155379230e+01
5.700000000000000000e+01 6.487842146439574265e+01
5.800000000000000000e+01 6.568574866317308647e+01
5.900000000000000000e+01 6.789498666851888231e+01
6.000000000000000000e+01 6.402375799929593825e+01
6.100000000000000000e+01 6.593350292141383306e+01
6.200000000000000000e+01 7.399236946805325488e+01
6.300000000000000000e+01 7.335019824677713984e+01
6.400000000000000000e+01 7.012946337149676879e+01
6.500000000000000000e+01 7.471538976183265390e+01
6.600000000000000000e+01 7.382639497634642112e+01
6.700000000000000000e+01 7.131138857988808866e+01
6.800000000000000000e+01 7.270185872237759384e+01
6.900000000000000000e+01 7.283867814830330190e+01
7.000000000000000000e+01 7.220637353656158552e+01
7.100000000000000000e+01 7.368554919115237567e+01
7.200000000000000000e+01 8.313691679844069427e+01
7.300000000000000000e+01 8.005652505232984595e+01
7.400000000000000000e+01 7.962453801709709467e+01
7.500000000000000000e+01 8.015094449506109697e+01
7.600000000000000000e+01 8.374606381384080578e+01
7.700000000000000000e+01 8.448442504825564470e+01
7.800000000000000000e+01 8.659031881141514475e+01
7.900000000000000000e+01 8.489350051800168728e+01
8.000000000000000000e+01 8.234155070920425601e+01
8.100000000000000000e+01 8.345713409728072918e+01
8.200000000000000000e+01 9.116551208154393748e+01
8.300000000000000000e+01 9.384680605168887269e+01
8.400000000000000000e+01 8.673797293195691793e+01
8.500000000000000000e+01 9.690511780413682175e+01
8.600000000000000000e+01 8.851102775275082024e+01
8.700000000000000000e+01 9.200830628717881154e+01
8.800000000000000000e+01 9.691257937985714932e+01
8.900000000000000000e+01 9.422761868210174896e+01
9.000000000000000000e+01 9.947949758168144285e+01
9.100000000000000000e+01 9.336018760620950729e+01
9.200000000000000000e+01 9.820649499597708143e+01
9.300000000000000000e+01 1.022344815976695713e+02
9.400000000000000000e+01 1.054533677800276763e+02
9.500000000000000000e+01 9.733207333243657899e+01
9.600000000000000000e+01 9.966286303745334862e+01
9.700000000000000000e+01 1.024568895395045303e+02
9.800000000000000000e+01 1.081535801719619201e+02
9.900000000000000000e+01 1.064016648507033693e+02
