0.000000000000000000e+00 1.448569994685209750e+00
1.010101010101010083e-01 9.176833010193958806e-01
2.020202020202020166e-01 4.306749476008023159e+00
3.030303030303030387e-01 8.812742409290882373e-01
4.040404040404040331e-01 4.246728431287867700e+00
5.050505050505050830e-01 1.964987802046012755e+00
6.060606060606060774e-01 2.867490315557833513e-01
7.070707070707070718e-01 4.027184633333057207e+00
8.080808080808080662e-01 2.549970818172430320e+00
9.090909090909090606e-01 5.222058129777606972e+00
1.010101010101010166e+00 5.557371345387311479e+00
1.111111111111111160e+00 1.750224187511507656e+00
1.212121212121212155e+00 3.686063640189920054e+00
1.313131313131313149e+00 4.503265691553845151e+00
1.414141414141414144e+00 5.097300990299318713e+00
1.515151515151515138e+00 3.355136093940932707e+00
1.616161616161616132e+00 4.295545917108141154e+00
1.717171717171717127e+00 5.801751455479373654e+00
1.818181818181818121e+00 2.870211166429875504e+00
1.919191919191919116e+00 3.736278594044141421e+00
2.020202020202020332e+00 7.932890869908600706e+00
2.121212121212121104e+00 5.727218175892927476e+00
2.222222222222222321e+00 8.341528128976733569e+00
2.323232323232323093e+00 5.399265587916671549e+00
2.424242424242424310e+00 5.642713912062908399e+00
2.525252525252525082e+00 8.160575480933404791e+00
2.626262626262626299e+00 8.453628754030404480e+00
2.727272727272727071e+00 4.681354310067125546e+00
2.828282828282828287e+00 6.055897260997719300e+00
2.929292929292929060e+00 6.868496023322389732e+00
3.030303030303030276e+00 5.637664653976829143e+00
3.131313131313131048e+00 8.999263269486043271e+00
3.232323232323232265e+00 9.436636780069338926e+00
3.333333333333333481e+00 6.082219853994220493e+00
3.434343434343434254e+00 1.038978764030784774e+01
3.535353535353535470e+00 7.420507592836049326e+00
3.636363636363636243e+00 1.028351405147271080e+01
3.737373737373737459e+00 9.664626195616046189e+00
3.838383838383838231e+00 1.066060120898838726e+01
3.939393939393939448e+00 8.873374182637375540e+00
4.040404040404040664e+00 1.179470009972253663e+01
4.141414141414140992e+00 8.506911816766747236e+00
4.242424242424242209e+00 8.222395786157365549e+00
4.343434343434343425e+00 1.066186053843212633e+01
4.444444444444444642e+00 1.258862230131812510e+01
4.545454545454544970e+00 1.297141600321492305e+01
4.646464646464646187e+00 1.285413826327557985e+01
4.747474747474747403e+00 1.224480486387897926e+01
4.848484848484848619e+00 1.045053426188276013e+01
4.949494949494949836e+00 9.041085317450908931e+00
5.050505050505050164e+00 1.221960304343575032e+01
5.151515151515151381e+00 1.004878937571643505e+01
5.252525252525252597e+00 1.191439814861538338e+01
5.353535353535353813e+00 1.162514830138238153e+01
5.454545454545454142e+00 1.364618970993645419e+01
5.555555555555555358e+00 1.357650054798638628e+01
5.656565656565656575e+00 1.482957198909342367e+01
5.757575757575757791e+00 1.451944931918041704e+01
5.858585858585858119e+00 1.247076249911880552e+01
5.959595959595959336e+00 1.423423185460730878e+01
6.060606060606060552e+00 1.130068938087000774e+01
6.161616161616161769e+00 1.588128557498823668e+01
6.262626262626262097e+00 1.388026606143801800e+01
6.363636363636363313e+00 1.472284549116823449e+01
6.464646464646464530e+00 1.351937950552261292e+01
6.565656565656565746e+00 1.415788480095057267e+01
6.666666666666666963e+00 1.701568694344258148e+01
6.767676767676767291e+00 1.424623987217186993e+01
6.868686868686868507e+00 1.424169078425283530e+01
6.969696969696969724e+00 1.386128680797809842e+01
7.070707070707070940e+00 1.696580540566116113e+01
7.171717171717171269e+00 1.508112239158682222e+01
7.272727272727272485e+00 1.654952131037543950e+01
7.373737373737373701e+00 1.613445237675979982e+01
7.474747474747474918e+00 1.425226435979401884e+01
7.575757575757575246e+00 1.474025594533627981e+01
7.676767676767676463e+00 1.611587988848677355e+01
7.777777777777777679e+00 1.522438534642061292e+01
7.878787878787878896e+00 1.582453957459152960e+01
7.979797979797979224e+00 1.544483604617791350e+01
8.080808080808081328e+00 1.824990900454860565e+01
8.181818181818181657e+00 2.014973302984950365e+01
8.282828282828281985e+00 1.695438868110561259e+01
8.383838383838384090e+00 2.005260269375586546e+01
8.484848484848484418e+00 1.854452360471565697e+01
8.585858585858586522e+00 1.637232408595288646e+01
8.686868686868686851e+00 1.875895743190942611e+01
8.787878787878787179e+00 1.833855398818559834e+01
8.888888888888889284e+00 1.869136497225886373e+01
8.989898989898989612e+00 1.839553491661620654e+01
9.090909090909089940e+00 1.781944053199647726e+01
9.191919191919192045e+00 2.153945409701454139e+01
9.292929292929292373e+00 2.051278818927145053e+01
9.393939393939394478e+00 1.884896353021419912e+01
9.494949494949494806e+00 2.132369559336563469e+01
9.595959595959595134e+00 2.202114070846311833e+01
9.696969696969697239e+00 2.310051810312465648e+01
9.797979797979797567e+00 2.202291816793086809e+01
9.898989898989899672e+00 2.329925321160145302e+01
1.000000000000000000e+01 2.012483317700654695e+01
