0.000000000000000000e+00 -1.668900147048308913e+00
1.010101010101010083e-01 -1.441725643594291562e+00
2.020202020202020166e-01 -1.090338373312866427e+00
3.030303030303030387e-01 -1.048676452026833017e+00
4.040404040404040331e-01 -1.299353852323172465e+00
5.050505050505050830e-01 -1.342382476847947093e+00
6.060606060606060774e-01 -1.256763681057609716e+00
7.070707070707070718e-01 -6.301667929864231965e-01
8.080808080808080662e-01 -9.467944324104795584e-01
9.090909090909090606e-01 -5.400561888295749569e-01
1.010101010101010166e+00 -8.281294324171208920e-01
1.111111111111111160e+00 -5.280988486029203344e-02
1.212121212121212155e+00 -6.996098673030348714e-01
1.313131313131313149e+00 2.714086696647286523e-01
1.414141414141414144e+00 3.122874947966827186e-01
1.515151515151515138e+00 3.669795201894245906e-01
1.616161616161616132e+00 -2.334491428053797613e-02
1.717171717171717127e+00 5.089702635898261107e-01
1.818181818181818121e+00 3.102086546581941384e-01
1.919191919191919116e+00 3.679750930685177224e-02
2.020202020202020332e+00 6.466212731703984140e-01
2.121212121212121104e+00 3.784201917882605848e-01
2.222222222222222321e+00 1.141897352990586700e+00
2.323232323232323093e+00 1.240455465766612697e+00
2.424242424242424310e+00 8.911146805474245980e-01
2.525252525252525082e+00 1.111746011959511282e+00
2.626262626262626299e+00 1.579020010346887215e+00
2.727272727272727071e+00 8.382878219981297896e-01
2.828282828282828287e+00 1.650924439772208707e+00
2.929292929292929060e+00 1.465333143412807182e+00
3.030303030303030276e+00 1.213948640299411519e+00
3.131313131313131048e+00 1.559383333817502937e+00
3.232323232323232265e+00 1.417065954108943870e+00
3.333333333333333481e+00 2.209282299824396389e+00
3.434343434343434254e+00 2.252261055972320847e+00
3.535353535353535470e+00 1.843769382493060771e+00
3.636363636363636243e+00 2.493218957651167855e+00
3.737373737373737459e+00 1.772380060669381585e+00
3.838383838383838231e+00 2.787304029407816408e+00
3.939393939393939448e+00 2.731372978265731000e+00
4.040404040404040664e+00 2.525775410484120798e+00
4.141414141414140992e+00 2.619416668037159113e+00
4.242424242424242209e+00 2.262791772901539211e+00
4.343434343434343425e+00 3.169817767474741643e+00
4.444444444444444642e+00 3.116196727138253131e+00
4.545454545454544970e+00 3.391812266951371946e+00
4.646464646464646187e+00 2.666949123787254017e+00
4.747474747474747403e+00 3.479370418794003328e+00
4.848484848484848619e+00 2.905586586428917428e+00
4.949494949494949836e+00 2.998624971975184295e+00
5.050505050505050164e+00 3.573667409858762412e+00
5.151515151515151381e+00 3.233938921998809946e+00
5.252525252525252597e+00 3.504118646325385278e+00
5.353535353535353813e+00 3.795005198548193626e+00
5.454545454545454142e+00 3.498117073840291802e+00
5.555555555555555358e+00 4.101841937235271018e+00
5.656565656565656575e+00 4.050490577347260590e+00
5.757575757575757791e+00 4.214787314386938988e+00
5.858585858585858119e+00 3.885118740377221158e+00
5.959595959595959336e+00 4.864477777424218274e+00
6.060606060606060552e+00 4.769557555504757573e+00
6.161616161616161769e+00 4.166904951663311429e+00
6.262626262626262097e+00 4.336920890396785744e+00
6.363636363636363313e+00 5.008768978339595890e+00
6.464646464646464530e+00 4.545180592778073958e+00
6.565656565656565746e+00 5.534955455052164019e+00
6.666666666666666963e+00 5.583860455291930869e+00
6.767676767676767291e+00 5.448000582440274187e+00
6.868686868686868507e+00 5.361703004228225211e+00
6.969696969696969724e+00 5.224905247424493027e+00
7.070707070707070940e+00 5.877100705036452766e+00
7.171717171717171269e+00 5.901676364804618657e+00
7.272727272727272485e+00 5.345358353638946625e+00
7.373737373737373701e+00 6.332579388021018829e+00
7.474747474747474918e+00 5.939998292491773135e+00
7.575757575757575246e+00 6.240050617975130720e+00
7.676767676767676463e+00 5.714607788076324191e+00
7.777777777777777679e+00 6.373022953311645367e+00
7.878787878787878896e+00 6.313938034697692103e+00
7.979797979797979224e+00 5.980965066350409032e+00
8.080808080808081328e+00 6.271413848637822142e+00
8.181818181818181657e+00 6.697833739947270715e+00
8.282828282828281985e+00 7.203150186634116992e+00
8.383838383838384090e+00 6.659294541634132258e+00
8.484848484848484418e+00 6.830010716687301198e+00
8.585858585858586522e+00 6.790325660202533697e+00
8.686868686868686851e+00 7.127476974883208527e+00
8.787878787878787179e+00 7.401542493218521201e+00
8.888888888888889284e+00 7.677005577023518157e+00
8.989898989898989612e+00 7.703369445485158451e+00
9.090909090909089940e+00 8.067170015480494172e+00
9.191919191919192045e+00 7.811723097518756376e+00
9.292929292929292373e+00 7.388515441450023147e+00
9.393939393939394478e+00 7.845755489351351031e+00
9.494949494949494806e+00 7.658819145790243255e+00
9.595959595959595134e+00 7.931744219958074993e+00
9.696969696969697239e+00 8.217929886360771263e+00
9.797979797979797567e+00 8.668771230466150612e+00
9.898989898989899672e+00 8.865505222967993149e+00
1.000000000000000000e+01 8.112984939589384936e+00
