0.000000000000000000e+00 -1.445699828697034395e+00
1.010101010101010083e-01 -9.763724901313046711e-01
2.020202020202020166e-01 -6.249534377704143440e-01
3.030303030303030387e-01 -9.690367968991195902e-01
4.040404040404040331e-01 1.003400394392626183e-01
5.050505050505050830e-01 -3.913566414288585094e-01
6.060606060606060774e-01 4.083981057543244475e-01
7.070707070707070718e-01 9.006132641633035618e-01
8.080808080808080662e-01 6.377461538465105662e-01
9.090909090909090606e-01 7.811732198734193666e-01
1.010101010101010166e+00 1.244728277730833277e+00
1.111111111111111160e+00 1.977496404306327005e+00
1.212121212121212155e+00 2.074461145914588300e+00
1.313131313131313149e+00 2.227702054604695281e+00
1.414141414141414144e+00 3.014080360357461075e+00
1.515151515151515138e+00 3.453231106023878283e+00
1.616161616161616132e+00 2.971887930412971279e+00
1.717171717171717127e+00 3.409400966530247157e+00
1.818181818181818121e+00 3.802777554854008812e+00
1.919191919191919116e+00 4.354583853235951096e+00
2.020202020202020332e+00 5.032903668062983726e+00
2.121212121212121104e+00 4.622244127517980417e+00
2.222222222222222321e+00 5.045492748960886509e+00
2.323232323232323093e+00 5.681919107704026750e+00
2.424242424242424310e+00 5.453781495186766470e+00
2.525252525252525082e+00 6.485551556868252021e+00
2.626262626262626299e+00 6.282037621340395006e+00
2.727272727272727071e+00 6.455160709762263416e+00
2.828282828282828287e+00 6.947188943130154115e+00
2.929292929292929060e+00 6.954850957170007675e+00
3.030303030303030276e+00 7.207383736774135130e+00
3.131313131313131048e+00 8.093152555374011570e+00
3.232323232323232265e+00 8.662107261580178630e+00
3.333333333333333481e+00 8.262416753805903014e+00
3.434343434343434254e+00 8.670962014781560256e+00
3.535353535353535470e+00 8.676867155895577000e+00
3.636363636363636243e+00 8.943166094163558455e+00
3.737373737373737459e+00 9.505972660936238938e+00
3.838383838383838231e+00 1.044633132317173008e+01
3.939393939393939448e+00 1.034548613380938065e+01
4.040404040404040664e+00 1.105098930081164355e+01
4.141414141414140992e+00 1.105170519807740348e+01
4.242424242424242209e+00 1.106260307562344103e+01
4.343434343434343425e+00 1.202697366637526244e+01
4.444444444444444642e+00 1.162883998258439533e+01
4.545454545454544970e+00 1.226820036368273925e+01
4.646464646464646187e+00 1.194383746819003633e+01
4.747474747474747403e+00 1.321166051032545674e+01
4.848484848484848619e+00 1.262009397634978747e+01
4.949494949494949836e+00 1.307266806588929597e+01
5.050505050505050164e+00 1.360366426671366646e+01
5.151515151515151381e+00 1.366202328888448392e+01
5.252525252525252597e+00 1.465604054508417065e+01
5.353535353535353813e+00 1.462750661092795745e+01
5.454545454545454142e+00 1.526633747154446041e+01
5.555555555555555358e+00 1.496646021599382692e+01
5.656565656565656575e+00 1.553726271209051291e+01
5.757575757575757791e+00 1.613673901674733102e+01
5.858585858585858119e+00 1.576989415202790745e+01
5.959595959595959336e+00 1.625574027792782772e+01
6.060606060606060552e+00 1.718044510442375383e+01
6.161616161616161769e+00 1.717509311865109112e+01
6.262626262626262097e+00 1.692970168434536760e+01
6.363636363636363313e+00 1.762488387147154256e+01
6.464646464646464530e+00 1.832155176658228157e+01
6.565656565656565746e+00 1.802649416887458500e+01
6.666666666666666963e+00 1.899223995614317673e+01
6.767676767676767291e+00 1.918356313276303737e+01
6.868686868686868507e+00 1.925770214300704808e+01
6.969696969696969724e+00 1.973646248524639901e+01
7.070707070707070940e+00 1.968592604858550743e+01
7.171717171717171269e+00 2.029964831613534315e+01
7.272727272727272485e+00 2.071222737664256996e+01
7.373737373737373701e+00 2.095254866729487730e+01
7.474747474747474918e+00 2.105447111226063583e+01
7.575757575757575246e+00 2.127546127531293152e+01
7.676767676767676463e+00 2.125897337648976659e+01
7.777777777777777679e+00 2.179881478944498951e+01
7.878787878787878896e+00 2.191513431207242490e+01
7.979797979797979224e+00 2.267268767371661298e+01
8.080808080808081328e+00 2.231794194218960925e+01
8.181818181818181657e+00 2.292317981441551566e+01
8.282828282828281985e+00 2.336970413594079332e+01
8.383838383838384090e+00 2.354123064958363187e+01
8.484848484848484418e+00 2.361172569149374922e+01
8.585858585858586522e+00 2.383745344757740270e+01
8.686868686868686851e+00 2.462488528589700820e+01
8.787878787878787179e+00 2.523890496238681536e+01
8.888888888888889284e+00 2.534368215566072280e+01
8.989898989898989612e+00 2.553604391388755346e+01
9.090909090909089940e+00 2.540659383754232437e+01
9.191919191919192045e+00 2.564805118139079099e+01
9.292929292929292373e+00 2.593623833858766403e+01
9.393939393939394478e+00 2.703468203621908472e+01
9.494949494949494806e+00 2.716249814245062311e+01
9.595959595959595134e+00 2.744956178517957923e+01
9.696969696969697239e+00 2.746775414229946932e+01
9.797979797979797567e+00 2.803867089073817453e+01
9.898989898989899672e+00 2.770015578231183895e+01
1.000000000000000000e+01 2.820449390934486544e+01
